{
  "authors": [
    "back",
    "dai",
    "finney",
    "sassaman",
    "sassaman-solo",
    "satoshi",
    "szabo",
    "wright"
  ],
  "word_counts": {
    "back": 4918,
    "dai": 1363,
    "finney": 16309,
    "sassaman": 4716,
    "sassaman-solo": 4408,
    "satoshi": 133011,
    "szabo": 137496,
    "wright": 20671
  },
  "top_words": [
    "a",
    "about",
    "above",
    "across",
    "after",
    "again",
    "against",
    "all",
    "almost",
    "also",
    "although",
    "always",
    "am",
    "among",
    "an",
    "and",
    "another",
    "any",
    "anyone",
    "are",
    "around",
    "as",
    "at",
    "back",
    "be",
    "because",
    "been",
    "before",
    "behind",
    "being",
    "below",
    "between",
    "beyond",
    "both",
    "but",
    "by",
    "can",
    "could",
    "did",
    "do",
    "does",
    "doing",
    "done",
    "down",
    "during",
    "each",
    "either",
    "even",
    "ever",
    "every",
    "everyone",
    "few",
    "for",
    "from",
    "furthermore",
    "get",
    "go",
    "going",
    "got",
    "had",
    "has",
    "have",
    "having",
    "he",
    "hence",
    "her",
    "here",
    "hers",
    "herself",
    "him",
    "himself",
    "his",
    "how",
    "however",
    "i",
    "if",
    "in",
    "indeed",
    "instead",
    "into",
    "is",
    "it",
    "its",
    "itself",
    "just",
    "least",
    "less",
    "made",
    "make",
    "many",
    "may",
    "me",
    "meanwhile",
    "might",
    "mine",
    "more",
    "moreover",
    "most",
    "much",
    "must",
    "my",
    "myself",
    "near",
    "neither",
    "never",
    "nevertheless",
    "no",
    "none",
    "nonetheless",
    "nor",
    "not",
    "now",
    "of",
    "off",
    "often",
    "on",
    "only",
    "or",
    "other",
    "otherwise",
    "ought",
    "our",
    "ours",
    "ourselves",
    "out",
    "over",
    "own",
    "perhaps",
    "quite",
    "rather",
    "really",
    "same",
    "several",
    "shall",
    "she",
    "should",
    "since",
    "so",
    "some",
    "someone",
    "sometimes",
    "still",
    "such",
    "than",
    "that",
    "the",
    "their",
    "theirs",
    "them",
    "themselves",
    "then",
    "there",
    "therefore",
    "these",
    "they",
    "this",
    "those",
    "though",
    "through",
    "throughout",
    "thus",
    "to",
    "too",
    "toward",
    "towards",
    "under",
    "unless",
    "until",
    "up",
    "upon",
    "us",
    "usually",
    "very",
    "via",
    "was",
    "we",
    "well",
    "went",
    "were",
    "what",
    "when",
    "where",
    "whereas",
    "whether",
    "which",
    "while",
    "who",
    "whom",
    "whose",
    "why",
    "will",
    "with",
    "within",
    "without",
    "would",
    "yet",
    "you",
    "your",
    "yours",
    "yourself",
    "yourselves"
  ],
  "burrows_delta_matrix": [
    [
      0.0,
      0.9779952975780921,
      1.2523329314351452,
      0.6216828273745523,
      0.9259561942721194,
      1.2872661274878066,
      1.0316920551318423,
      0.9997219117614919
    ],
    [
      0.9779952975780921,
      0.0,
      1.48927504608469,
      0.9356317774117078,
      1.2151551132770468,
      1.4830278233084866,
      1.2996102486098298,
      1.261531316614632
    ],
    [
      1.2523329314351452,
      1.48927504608469,
      0.0,
      1.2509659550570225,
      1.2387272915983325,
      0.9141637178837043,
      1.0192220605708533,
      1.5313132040625885
    ],
    [
      0.6216828273745523,
      0.9356317774117078,
      1.2509659550570225,
      0.0,
      0.9171928591323196,
      1.2839371046828054,
      1.021192702581096,
      0.9636302157097966
    ],
    [
      0.9259561942721194,
      1.2151551132770468,
      1.2387272915983325,
      0.9171928591323196,
      0.0,
      1.3851925216445464,
      0.9276908129540221,
      1.0418900854800395
    ],
    [
      1.2872661274878066,
      1.4830278233084866,
      0.9141637178837043,
      1.2839371046828054,
      1.3851925216445464,
      0.0,
      1.1835677201285786,
      1.548139525891143
    ],
    [
      1.0316920551318423,
      1.2996102486098298,
      1.0192220605708533,
      1.021192702581096,
      0.9276908129540221,
      1.1835677201285786,
      0.0,
      1.1290558831487365
    ],
    [
      0.9997219117614919,
      1.261531316614632,
      1.5313132040625885,
      0.9636302157097966,
      1.0418900854800395,
      1.548139525891143,
      1.1290558831487365,
      0.0
    ]
  ],
  "cosine_distance_matrix": [
    [
      0.0,
      0.053462823932858505,
      0.04581386826699507,
      0.027566240623428162,
      0.039403582278929816,
      0.08835621148832973,
      0.02820565538987263,
      0.08234209681361293
    ],
    [
      0.053462823932858505,
      0.0,
      0.07149100050980417,
      0.03884666836027095,
      0.03659740444544768,
      0.1268665649383146,
      0.029761451718459786,
      0.09303596371766854
    ],
    [
      0.04581386826699507,
      0.07149100050980417,
      0.0,
      0.06341585639668423,
      0.05895675645814791,
      0.0356493072380224,
      0.043531723812560874,
      0.10421041788270125
    ],
    [
      0.027566240623428162,
      0.03884666836027095,
      0.06341585639668423,
      0.0,
      0.036306590044640985,
      0.1100239126701471,
      0.03211253400210312,
      0.10534699975543638
    ],
    [
      0.039403582278929816,
      0.03659740444544768,
      0.05895675645814791,
      0.036306590044640985,
      0.0,
      0.11457143153308069,
      0.014653979088840918,
      0.08685878579088702
    ],
    [
      0.08835621148832973,
      0.1268665649383146,
      0.0356493072380224,
      0.1100239126701471,
      0.11457143153308069,
      0.0,
      0.0992796581180071,
      0.17460509052988193
    ],
    [
      0.02820565538987263,
      0.029761451718459786,
      0.043531723812560874,
      0.03211253400210312,
      0.014653979088840918,
      0.0992796581180071,
      0.0,
      0.05512974311516172
    ],
    [
      0.08234209681361293,
      0.09303596371766854,
      0.10421041788270125,
      0.10534699975543638,
      0.08685878579088702,
      0.17460509052988193,
      0.05512974311516172,
      0.0
    ]
  ],
  "topic_contaminated_delta_matrix": [
    [
      0.0,
      1.1761452777454964,
      1.2398219613689112,
      0.9107609899350626,
      0.9918173360588738,
      1.4651565911761872,
      1.035976895115377,
      1.0863980259545896
    ],
    [
      1.1761452777454964,
      0.0,
      1.3897547899583682,
      1.102649445345881,
      1.1558655060437875,
      1.6529993156296412,
      1.0885935350060725,
      1.1881393662321038
    ],
    [
      1.2398219613689112,
      1.3897547899583682,
      0.0,
      1.2109633821291963,
      1.1377092852608022,
      0.9963270396415497,
      0.9054612539916695,
      1.3955902936822884
    ],
    [
      0.9107609899350626,
      1.102649445345881,
      1.2109633821291963,
      0.0,
      0.9697658023773594,
      1.5072300454013536,
      1.1035774925497663,
      1.083189632276086
    ],
    [
      0.9918173360588738,
      1.1558655060437875,
      1.1377092852608022,
      0.9697658023773594,
      0.0,
      1.4050192914095272,
      0.8691877483906165,
      1.0198590431044243
    ],
    [
      1.4651565911761872,
      1.6529993156296412,
      0.9963270396415497,
      1.5072300454013536,
      1.4050192914095272,
      0.0,
      1.2334995246885432,
      1.5410121360769806
    ],
    [
      1.035976895115377,
      1.0885935350060725,
      0.9054612539916695,
      1.1035774925497663,
      0.8691877483906165,
      1.2334995246885432,
      0.0,
      1.125139025330142
    ],
    [
      1.0863980259545896,
      1.1881393662321038,
      1.3955902936822884,
      1.083189632276086,
      1.0198590431044243,
      1.5410121360769806,
      1.125139025330142,
      0.0
    ]
  ],
  "rank_from_satoshi_delta": [
    [
      "finney",
      0.9141637178837043
    ],
    [
      "szabo",
      1.1835677201285786
    ],
    [
      "sassaman",
      1.2839371046828054
    ],
    [
      "back",
      1.2872661274878066
    ],
    [
      "sassaman-solo",
      1.3851925216445464
    ],
    [
      "dai",
      1.4830278233084866
    ],
    [
      "wright",
      1.548139525891143
    ]
  ],
  "rank_from_satoshi_cosine": [
    [
      "finney",
      0.0356493072380224
    ],
    [
      "back",
      0.08835621148832973
    ],
    [
      "szabo",
      0.0992796581180071
    ],
    [
      "sassaman",
      0.1100239126701471
    ],
    [
      "sassaman-solo",
      0.11457143153308069
    ],
    [
      "dai",
      0.1268665649383146
    ],
    [
      "wright",
      0.17460509052988193
    ]
  ],
  "whitepaper_topic_contamination_diagnostic": {
    "authors": [
      "back",
      "dai",
      "finney",
      "sassaman",
      "sassaman-solo",
      "satoshi-whitepaper",
      "szabo",
      "wright"
    ],
    "funcword_delta_matrix": [
      [
        0.0,
        0.9832573854390306,
        1.327901331683708,
        0.6508125426729499,
        0.9333785333689294,
        1.0019216212278945,
        1.0818867991501382,
        1.0013665897167667
      ],
      [
        0.9832573854390306,
        0.0,
        1.5605793411663684,
        0.944869708261714,
        1.2201403385964236,
        1.1575620817798329,
        1.3512968275875221,
        1.2634948655830043
      ],
      [
        1.327901331683708,
        1.5605793411663684,
        0.0,
        1.3174434040718095,
        1.3045191181784388,
        1.154408377859654,
        1.0894615678946624,
        1.6057705862123735
      ],
      [
        0.6508125426729499,
        0.944869708261714,
        1.3174434040718095,
        0.0,
        0.9327322110650369,
        0.9041685197075596,
        1.065541829219607,
        0.961028794031408
      ],
      [
        0.9333785333689294,
        1.2201403385964236,
        1.3045191181784388,
        0.9327322110650369,
        0.0,
        1.0369477775824156,
        0.9613923388591793,
        1.0372353740408033
      ],
      [
        1.0019216212278945,
        1.1575620817798329,
        1.154408377859654,
        0.9041685197075596,
        1.0369477775824156,
        0.0,
        1.1907956623931912,
        1.2774860509756418
      ],
      [
        1.0818867991501382,
        1.3512968275875221,
        1.0894615678946624,
        1.065541829219607,
        0.9613923388591793,
        1.1907956623931912,
        0.0,
        1.1813481395504382
      ],
      [
        1.0013665897167667,
        1.2634948655830043,
        1.6057705862123735,
        0.961028794031408,
        1.0372353740408033,
        1.2774860509756418,
        1.1813481395504382,
        0.0
      ]
    ],
    "top150_delta_matrix": [
      [
        0.0,
        1.1733859798217687,
        1.275621095855465,
        0.8920664790101737,
        1.0112140890304702,
        1.11869731584448,
        1.1713955461200858,
        1.146884867624764
      ],
      [
        1.1733859798217687,
        0.0,
        1.4724698171641142,
        1.1246244875248579,
        1.1753366075481446,
        1.300542096606854,
        1.2571804356089638,
        1.3285735745576763
      ],
      [
        1.275621095855465,
        1.4724698171641142,
        0.0,
        1.2966161998801335,
        1.203632316261123,
        1.1068278981735926,
        1.0756351720676884,
        1.48545780771991
      ],
      [
        0.8920664790101737,
        1.1246244875248579,
        1.2966161998801335,
        0.0,
        1.0632522550568981,
        1.0641290870587345,
        1.227255956954554,
        1.1320251074819092
      ],
      [
        1.0112140890304702,
        1.1753366075481446,
        1.203632316261123,
        1.0632522550568981,
        0.0,
        1.0502523355706406,
        1.0191154670954714,
        1.0819266099669769
      ],
      [
        1.11869731584448,
        1.300542096606854,
        1.1068278981735926,
        1.0641290870587345,
        1.0502523355706406,
        0.0,
        1.1142136892510612,
        1.2203637602912136
      ],
      [
        1.1713955461200858,
        1.2571804356089638,
        1.0756351720676884,
        1.227255956954554,
        1.0191154670954714,
        1.1142136892510612,
        0.0,
        1.257588082904208
      ],
      [
        1.146884867624764,
        1.3285735745576763,
        1.48545780771991,
        1.1320251074819092,
        1.0819266099669769,
        1.2203637602912136,
        1.257588082904208,
        0.0
      ]
    ],
    "ranked_with_shifts": [
      {
        "author": "sassaman",
        "funcword_delta": 0.9041685197075596,
        "funcword_rank": 1,
        "top150_delta": 1.0641290870587345,
        "top150_rank": 2,
        "rank_shift": -1
      },
      {
        "author": "back",
        "funcword_delta": 1.0019216212278945,
        "funcword_rank": 2,
        "top150_delta": 1.11869731584448,
        "top150_rank": 5,
        "rank_shift": -3
      },
      {
        "author": "sassaman-solo",
        "funcword_delta": 1.0369477775824156,
        "funcword_rank": 3,
        "top150_delta": 1.0502523355706406,
        "top150_rank": 1,
        "rank_shift": 2
      },
      {
        "author": "finney",
        "funcword_delta": 1.154408377859654,
        "funcword_rank": 4,
        "top150_delta": 1.1068278981735926,
        "top150_rank": 3,
        "rank_shift": 1
      },
      {
        "author": "dai",
        "funcword_delta": 1.1575620817798329,
        "funcword_rank": 5,
        "top150_delta": 1.300542096606854,
        "top150_rank": 7,
        "rank_shift": -2
      },
      {
        "author": "szabo",
        "funcword_delta": 1.1907956623931912,
        "funcword_rank": 6,
        "top150_delta": 1.1142136892510612,
        "top150_rank": 4,
        "rank_shift": 2
      },
      {
        "author": "wright",
        "funcword_delta": 1.2774860509756418,
        "funcword_rank": 7,
        "top150_delta": 1.2203637602912136,
        "top150_rank": 6,
        "rank_shift": 1
      }
    ],
    "note": "Whitepaper-specific topic-contamination diagnostic. The Aston 2014 result favored Szabo under top-N corpus-derived features. Under principled closed-class function-word features, Szabo ranks LAST on the whitepaper. The rank-shift column quantifies which candidates the topic-contaminated methodology advantages (positive = better rank under top-150) vs disadvantages (negative). Szabo's +3 shift is the largest in the candidate set."
  }
}