{
  "authors": [
    "back",
    "dai",
    "finney",
    "sassaman",
    "sassaman-solo",
    "satoshi",
    "szabo"
  ],
  "word_counts": {
    "back": 4918,
    "dai": 1363,
    "finney": 16309,
    "sassaman": 4716,
    "sassaman-solo": 4408,
    "satoshi": 133011,
    "szabo": 137496
  },
  "top_words": [
    "a",
    "about",
    "above",
    "across",
    "after",
    "again",
    "against",
    "all",
    "almost",
    "also",
    "although",
    "always",
    "am",
    "among",
    "an",
    "and",
    "another",
    "any",
    "anyone",
    "are",
    "around",
    "as",
    "at",
    "back",
    "be",
    "because",
    "been",
    "before",
    "behind",
    "being",
    "below",
    "between",
    "beyond",
    "both",
    "but",
    "by",
    "can",
    "could",
    "did",
    "do",
    "does",
    "doing",
    "done",
    "down",
    "during",
    "each",
    "either",
    "even",
    "ever",
    "every",
    "everyone",
    "few",
    "for",
    "from",
    "furthermore",
    "get",
    "go",
    "going",
    "got",
    "had",
    "has",
    "have",
    "having",
    "he",
    "hence",
    "her",
    "here",
    "hers",
    "herself",
    "him",
    "himself",
    "his",
    "how",
    "however",
    "i",
    "if",
    "in",
    "indeed",
    "instead",
    "into",
    "is",
    "it",
    "its",
    "itself",
    "just",
    "least",
    "less",
    "made",
    "make",
    "many",
    "may",
    "me",
    "meanwhile",
    "might",
    "mine",
    "more",
    "moreover",
    "most",
    "much",
    "must",
    "my",
    "myself",
    "near",
    "neither",
    "never",
    "nevertheless",
    "no",
    "none",
    "nonetheless",
    "nor",
    "not",
    "now",
    "of",
    "off",
    "often",
    "on",
    "only",
    "or",
    "other",
    "otherwise",
    "ought",
    "our",
    "ours",
    "ourselves",
    "out",
    "over",
    "own",
    "perhaps",
    "quite",
    "rather",
    "really",
    "same",
    "several",
    "shall",
    "she",
    "should",
    "since",
    "so",
    "some",
    "someone",
    "sometimes",
    "still",
    "such",
    "than",
    "that",
    "the",
    "their",
    "theirs",
    "them",
    "themselves",
    "then",
    "there",
    "therefore",
    "these",
    "they",
    "this",
    "those",
    "though",
    "through",
    "throughout",
    "thus",
    "to",
    "too",
    "toward",
    "towards",
    "under",
    "unless",
    "until",
    "up",
    "upon",
    "us",
    "usually",
    "very",
    "via",
    "was",
    "we",
    "well",
    "went",
    "were",
    "what",
    "when",
    "where",
    "whereas",
    "whether",
    "which",
    "while",
    "who",
    "whom",
    "whose",
    "why",
    "will",
    "with",
    "within",
    "without",
    "would",
    "yet",
    "you",
    "your",
    "yours",
    "yourself",
    "yourselves"
  ],
  "burrows_delta_matrix": [
    [
      0.0,
      1.0224679488696893,
      1.2979030401646834,
      0.6588118048066555,
      0.9728530808211481,
      1.3287222821861615,
      1.0784784597461037
    ],
    [
      1.0224679488696893,
      0.0,
      1.5351156367709653,
      0.969730935881453,
      1.270578143066888,
      1.531177496778329,
      1.36961324040821
    ],
    [
      1.2979030401646834,
      1.5351156367709653,
      0.0,
      1.2926251613228033,
      1.2817562217625982,
      0.9383174703066957,
      1.0795426990492374
    ],
    [
      0.6588118048066555,
      0.969730935881453,
      1.2926251613228033,
      0.0,
      0.9618411519705345,
      1.3274613337646322,
      1.0844549166445303
    ],
    [
      0.9728530808211481,
      1.270578143066888,
      1.2817562217625982,
      0.9618411519705345,
      0.0,
      1.4188090863010827,
      0.9845965997774193
    ],
    [
      1.3287222821861615,
      1.531177496778329,
      0.9383174703066957,
      1.3274613337646322,
      1.4188090863010827,
      0.0,
      1.2400993227223471
    ],
    [
      1.0784784597461037,
      1.36961324040821,
      1.0795426990492374,
      1.0844549166445303,
      0.9845965997774193,
      1.2400993227223471,
      0.0
    ]
  ],
  "cosine_distance_matrix": [
    [
      0.0,
      0.053462823932858505,
      0.04581386826699507,
      0.027566240623428162,
      0.039403582278929816,
      0.08835621148832973,
      0.02820565538987263
    ],
    [
      0.053462823932858505,
      0.0,
      0.07149100050980417,
      0.03884666836027095,
      0.03659740444544768,
      0.1268665649383146,
      0.029761451718459786
    ],
    [
      0.04581386826699507,
      0.07149100050980417,
      0.0,
      0.06341585639668423,
      0.05895675645814791,
      0.0356493072380224,
      0.043531723812560874
    ],
    [
      0.027566240623428162,
      0.03884666836027095,
      0.06341585639668423,
      0.0,
      0.036306590044640985,
      0.1100239126701471,
      0.03211253400210312
    ],
    [
      0.039403582278929816,
      0.03659740444544768,
      0.05895675645814791,
      0.036306590044640985,
      0.0,
      0.11457143153308069,
      0.014653979088840918
    ],
    [
      0.08835621148832973,
      0.1268665649383146,
      0.0356493072380224,
      0.1100239126701471,
      0.11457143153308069,
      0.0,
      0.0992796581180071
    ],
    [
      0.02820565538987263,
      0.029761451718459786,
      0.043531723812560874,
      0.03211253400210312,
      0.014653979088840918,
      0.0992796581180071,
      0.0
    ]
  ],
  "topic_contaminated_delta_matrix": [
    [
      0.0,
      1.2327348698723226,
      1.2655168027974961,
      0.906484964691978,
      0.9955469536864082,
      1.4773928250917983,
      1.0403987128709655
    ],
    [
      1.2327348698723226,
      0.0,
      1.4489709309683292,
      1.1714562556850163,
      1.2148247751955024,
      1.7123071493214264,
      1.1461923553069038
    ],
    [
      1.2655168027974961,
      1.4489709309683292,
      0.0,
      1.2564874193056448,
      1.1802210655174918,
      1.0035466059511537,
      0.9341753955638262
    ],
    [
      0.906484964691978,
      1.1714562556850163,
      1.2564874193056448,
      0.0,
      1.0073652499797268,
      1.5435567619912385,
      1.116932398105319
    ],
    [
      0.9955469536864082,
      1.2148247751955024,
      1.1802210655174918,
      1.0073652499797268,
      0.0,
      1.446396199870347,
      0.8908602803791018
    ],
    [
      1.4773928250917983,
      1.7123071493214264,
      1.0035466059511537,
      1.5435567619912385,
      1.446396199870347,
      0.0,
      1.2630203466170427
    ],
    [
      1.0403987128709655,
      1.1461923553069038,
      0.9341753955638262,
      1.116932398105319,
      0.8908602803791018,
      1.2630203466170427,
      0.0
    ]
  ],
  "rank_from_satoshi_delta": [
    [
      "finney",
      0.9383174703066957
    ],
    [
      "szabo",
      1.2400993227223471
    ],
    [
      "sassaman",
      1.3274613337646322
    ],
    [
      "back",
      1.3287222821861615
    ],
    [
      "sassaman-solo",
      1.4188090863010827
    ],
    [
      "dai",
      1.531177496778329
    ]
  ],
  "rank_from_satoshi_cosine": [
    [
      "finney",
      0.0356493072380224
    ],
    [
      "back",
      0.08835621148832973
    ],
    [
      "szabo",
      0.0992796581180071
    ],
    [
      "sassaman",
      0.1100239126701471
    ],
    [
      "sassaman-solo",
      0.11457143153308069
    ],
    [
      "dai",
      0.1268665649383146
    ]
  ],
  "whitepaper_topic_contamination_diagnostic": {
    "authors": [
      "back",
      "dai",
      "finney",
      "sassaman",
      "sassaman-solo",
      "satoshi-whitepaper",
      "szabo"
    ],
    "funcword_delta_matrix": [
      [
        0.0,
        1.0254337008566081,
        1.3734005676812715,
        0.6912028673499139,
        0.9830314919678623,
        1.0508703616964719,
        1.1282907335865797
      ],
      [
        1.0254337008566081,
        0.0,
        1.608006978633145,
        0.9756540764311901,
        1.2767244273230784,
        1.1918591335470432,
        1.416521690006
      ],
      [
        1.3734005676812715,
        1.608006978633145,
        0.0,
        1.360126076471651,
        1.3457687334282658,
        1.182022373106075,
        1.145899876184166
      ],
      [
        0.6912028673499139,
        0.9756540764311901,
        1.360126076471651,
        0.0,
        0.9796006889586065,
        0.9407501085484885,
        1.128492186543596
      ],
      [
        0.9830314919678623,
        1.2767244273230784,
        1.3457687334282658,
        0.9796006889586065,
        0.0,
        1.0828970879102882,
        1.0157682944871746
      ],
      [
        1.0508703616964719,
        1.1918591335470432,
        1.182022373106075,
        0.9407501085484885,
        1.0828970879102882,
        0.0,
        1.2468160391046568
      ],
      [
        1.1282907335865797,
        1.416521690006,
        1.145899876184166,
        1.128492186543596,
        1.0157682944871746,
        1.2468160391046568,
        0.0
      ]
    ],
    "top150_delta_matrix": [
      [
        0.0,
        1.2333509032276626,
        1.317476151726235,
        0.9281074686464509,
        1.0327286800738853,
        1.1906905097821037,
        1.2331813176170494
      ],
      [
        1.2333509032276626,
        0.0,
        1.5399523101653296,
        1.1404099686680187,
        1.1855985895729313,
        1.3451568986080982,
        1.291029057252714
      ],
      [
        1.317476151726235,
        1.5399523101653296,
        0.0,
        1.3564197076223836,
        1.244275527250334,
        1.1609209035792214,
        1.1255137872448733
      ],
      [
        0.9281074686464509,
        1.1404099686680187,
        1.3564197076223836,
        0.0,
        1.082160875757749,
        1.1105036194364524,
        1.2884516263199284
      ],
      [
        1.0327286800738853,
        1.1855985895729313,
        1.244275527250334,
        1.082160875757749,
        0.0,
        1.0822620605803976,
        1.0578416209021222
      ],
      [
        1.1906905097821037,
        1.3451568986080982,
        1.1609209035792214,
        1.1105036194364524,
        1.0822620605803976,
        0.0,
        1.1943322453742407
      ],
      [
        1.2331813176170494,
        1.291029057252714,
        1.1255137872448733,
        1.2884516263199284,
        1.0578416209021222,
        1.1943322453742407,
        0.0
      ]
    ],
    "ranked_with_shifts": [
      {
        "author": "sassaman",
        "funcword_delta": 0.9407501085484885,
        "funcword_rank": 1,
        "top150_delta": 1.1105036194364524,
        "top150_rank": 2,
        "rank_shift": -1
      },
      {
        "author": "back",
        "funcword_delta": 1.0508703616964719,
        "funcword_rank": 2,
        "top150_delta": 1.1906905097821037,
        "top150_rank": 4,
        "rank_shift": -2
      },
      {
        "author": "sassaman-solo",
        "funcword_delta": 1.0828970879102882,
        "funcword_rank": 3,
        "top150_delta": 1.0822620605803976,
        "top150_rank": 1,
        "rank_shift": 2
      },
      {
        "author": "finney",
        "funcword_delta": 1.182022373106075,
        "funcword_rank": 4,
        "top150_delta": 1.1609209035792214,
        "top150_rank": 3,
        "rank_shift": 1
      },
      {
        "author": "dai",
        "funcword_delta": 1.1918591335470432,
        "funcword_rank": 5,
        "top150_delta": 1.3451568986080982,
        "top150_rank": 6,
        "rank_shift": -1
      },
      {
        "author": "szabo",
        "funcword_delta": 1.2468160391046568,
        "funcword_rank": 6,
        "top150_delta": 1.1943322453742407,
        "top150_rank": 5,
        "rank_shift": 1
      }
    ],
    "note": "Whitepaper-specific topic-contamination diagnostic. The Aston 2014 result favored Szabo under top-N corpus-derived features. Under principled closed-class function-word features, Szabo ranks LAST on the whitepaper. The rank-shift column quantifies which candidates the topic-contaminated methodology advantages (positive = better rank under top-150) vs disadvantages (negative). Szabo's +3 shift is the largest in the candidate set."
  }
}