{
  "authors": [
    "back",
    "dai",
    "finney",
    "satoshi",
    "szabo"
  ],
  "word_counts": {
    "back": 4918,
    "dai": 1363,
    "finney": 16309,
    "satoshi": 133011,
    "szabo": 137496
  },
  "top_words": [
    "a",
    "about",
    "above",
    "across",
    "after",
    "again",
    "against",
    "all",
    "almost",
    "also",
    "although",
    "always",
    "am",
    "among",
    "an",
    "and",
    "another",
    "any",
    "anyone",
    "are",
    "around",
    "as",
    "at",
    "back",
    "be",
    "because",
    "been",
    "before",
    "behind",
    "being",
    "below",
    "between",
    "beyond",
    "both",
    "but",
    "by",
    "can",
    "could",
    "did",
    "do",
    "does",
    "doing",
    "done",
    "down",
    "during",
    "each",
    "either",
    "even",
    "ever",
    "every",
    "everyone",
    "few",
    "for",
    "from",
    "furthermore",
    "get",
    "go",
    "going",
    "got",
    "had",
    "has",
    "have",
    "having",
    "he",
    "hence",
    "her",
    "here",
    "hers",
    "herself",
    "him",
    "himself",
    "his",
    "how",
    "however",
    "i",
    "if",
    "in",
    "indeed",
    "instead",
    "into",
    "is",
    "it",
    "its",
    "itself",
    "just",
    "least",
    "less",
    "made",
    "make",
    "many",
    "may",
    "me",
    "meanwhile",
    "might",
    "mine",
    "more",
    "moreover",
    "most",
    "much",
    "must",
    "my",
    "myself",
    "near",
    "neither",
    "never",
    "nevertheless",
    "no",
    "none",
    "nonetheless",
    "nor",
    "not",
    "now",
    "of",
    "off",
    "often",
    "on",
    "only",
    "or",
    "other",
    "otherwise",
    "ought",
    "our",
    "ours",
    "ourselves",
    "out",
    "over",
    "own",
    "perhaps",
    "quite",
    "rather",
    "really",
    "same",
    "several",
    "shall",
    "she",
    "should",
    "since",
    "so",
    "some",
    "someone",
    "sometimes",
    "still",
    "such",
    "than",
    "that",
    "the",
    "their",
    "theirs",
    "them",
    "themselves",
    "then",
    "there",
    "therefore",
    "these",
    "they",
    "this",
    "those",
    "though",
    "through",
    "throughout",
    "thus",
    "to",
    "too",
    "toward",
    "towards",
    "under",
    "unless",
    "until",
    "up",
    "upon",
    "us",
    "usually",
    "very",
    "via",
    "was",
    "we",
    "well",
    "went",
    "were",
    "what",
    "when",
    "where",
    "whereas",
    "whether",
    "which",
    "while",
    "who",
    "whom",
    "whose",
    "why",
    "will",
    "with",
    "within",
    "without",
    "would",
    "yet",
    "you",
    "your",
    "yours",
    "yourself",
    "yourselves"
  ],
  "burrows_delta_matrix": [
    [
      0.0,
      1.0455830096255785,
      1.3292280906453633,
      1.357679657861326,
      1.1368826786678867
    ],
    [
      1.0455830096255785,
      0.0,
      1.5502228235149542,
      1.540531351199903,
      1.3954875773380389
    ],
    [
      1.3292280906453633,
      1.5502228235149542,
      0.0,
      0.9799241350712943,
      1.112857426459037
    ],
    [
      1.357679657861326,
      1.540531351199903,
      0.9799241350712943,
      0.0,
      1.2637742014396869
    ],
    [
      1.1368826786678867,
      1.3954875773380389,
      1.112857426459037,
      1.2637742014396869,
      0.0
    ]
  ],
  "cosine_distance_matrix": [
    [
      0.0,
      0.053462823932858505,
      0.04581386826699507,
      0.08835621148832973,
      0.02820565538987263
    ],
    [
      0.053462823932858505,
      0.0,
      0.07149100050980417,
      0.1268665649383146,
      0.029761451718459786
    ],
    [
      0.04581386826699507,
      0.07149100050980417,
      0.0,
      0.0356493072380224,
      0.043531723812560874
    ],
    [
      0.08835621148832973,
      0.1268665649383146,
      0.0356493072380224,
      0.0,
      0.0992796581180071
    ],
    [
      0.02820565538987263,
      0.029761451718459786,
      0.043531723812560874,
      0.0992796581180071,
      0.0
    ]
  ],
  "rank_from_satoshi_delta": [
    [
      "finney",
      0.9799241350712943
    ],
    [
      "szabo",
      1.2637742014396869
    ],
    [
      "back",
      1.357679657861326
    ],
    [
      "dai",
      1.540531351199903
    ]
  ],
  "rank_from_satoshi_cosine": [
    [
      "finney",
      0.0356493072380224
    ],
    [
      "back",
      0.08835621148832973
    ],
    [
      "szabo",
      0.0992796581180071
    ],
    [
      "dai",
      0.1268665649383146
    ]
  ]
}